0.001=> tensor([44.8951, 30.3497, 36.1538, 41.4685, 25.8741, 46.0839, 15.6643, 39.4406,
        26.7832, 34.1259, 40.2797, 36.5035, 45.7343, 38.8112, 51.7483, 44.8951,
        30.5594, 45.2448, 41.3986, 37.9021]),37.7 ± 8.6
0.001=> tensor([44.8951, 30.3497, 36.1538, 41.4685, 25.8741, 46.0839, 15.6643, 39.4406,
        26.7832, 34.1259, 40.2797, 36.5035, 45.7343, 38.8112, 51.7483, 44.8951,
        30.5594, 45.2448, 41.3986, 37.9021]),37.7 ± 8.6
0.001=> tensor([44.8951, 30.3497, 36.1538, 41.4685, 25.8741, 46.0839, 15.6643, 39.4406,
        26.7832, 34.1259, 40.2797, 36.5035, 45.7343, 38.8112, 51.7483, 44.8951,
        30.5594, 45.2448, 41.3986, 37.9021]),37.7 ± 8.6
0.001=> tensor([44.8951, 30.3497, 36.1538, 41.4685, 25.8741, 46.0839, 15.6643, 39.4406,
        26.7832, 34.1259, 40.2797, 36.5035, 45.7343, 38.8112, 51.7483, 44.8951,
        30.5594, 45.2448, 41.3986, 37.9021]),37.7 ± 8.6
