cora_coauth=> [0.6319385170936584],63.2 ± 0.0
citeseer_cite=> [0.4559440612792969],45.6 ± 0.0
cora_coauth=> [0.6302305459976196],63.0 ± 0.0
imdb=> [0.43097642064094543],43.1 ± 0.0
pubmed_cite=> [0.7816153168678284],78.2 ± 0.0
aminer=> [0.3450522720813751],34.5 ± 0.0
citeseer_cite=> [0.48391610383987427, 0.5888112187385559, 0.6468531489372253, 0.6405594944953918, 0.647552490234375, 0.5951049327850342, 0.20769231021404266, 0.658741295337677, 0.6279720664024353, 0.6321678757667542, 0.4748252034187317, 0.6818181872367859, 0.6335664391517639, 0.5797203183174133, 0.6405594944953918, 0.6524475812911987, 0.4713286757469177, 0.5496503710746765, 0.5328671336174011, 0.5692307949066162],57.6 ± 10.5
cora_coauth=> [0.6280956268310547, 0.6404781937599182, 0.7083688974380493, 0.6771989464759827, 0.6810418367385864, 0.6588385701179504, 0.6900085210800171, 0.5922288298606873, 0.6874465942382812, 0.6814687848091125, 0.6840307116508484, 0.6187019348144531, 0.6870196461677551, 0.5798462629318237, 0.7169085741043091, 0.690435528755188, 0.7075149416923523, 0.6754910349845886, 0.7036720514297485, 0.6823228001594543],67.0 ± 3.7
imdb=> [0.43019941449165344, 0.48614346981048584, 0.5141155123710632, 0.4812224805355072, 0.4959854781627655, 0.4752654731273651, 0.4664594531059265, 0.5327635407447815, 0.5060864686965942, 0.45454543828964233, 0.2890442907810211, 0.5128204822540283, 0.4887334704399109, 0.4739704728126526, 0.4763014614582062, 0.48174047470092773, 0.5255115032196045, 0.49339547753334045, 0.5182595252990723, 0.48976948857307434],48.0 ± 5.0
pubmed_cite=> [0.7797555923461914, 0.7215728163719177, 0.7024441957473755, 0.7630180716514587, 0.7122741937637329, 0.7826780080795288, 0.7114771604537964, 0.6785334944725037, 0.7667375206947327, 0.7329968214035034, 0.7630180716514587, 0.789585530757904, 0.6609989404678345, 0.7356535792350769, 0.7802869081497192, 0.7542507648468018, 0.7367162704467773, 0.7832093238830566, 0.6269925832748413, 0.7675345540046692],73.7 ± 4.4
aminer=> [0.3433348536491394, 0.30656158924102783, 0.31792694330215454, 0.3234328329563141, 0.35166943073272705, 0.37409707903862, 0.40900135040283203, 0.3756124675273895, 0.3261605203151703, 0.2808506190776825, 0.33055514097213745, 0.3656109571456909, 0.3522755801677704, 0.314593106508255, 0.38086578249931335, 0.36520683765411377, 0.3445471525192261, 0.34474918246269226, 0.32338231801986694, 0.30282366275787354],34.2 ± 3.0
house=> [0.6840442419052124, 0.7480252981185913, 0.7061611413955688, 0.6793048977851868, 0.7014217972755432, 0.7037914991378784, 0.6058452129364014, 0.6058452129364014, 0.6421800851821899, 0.73854660987854, 0.7488151788711548, 0.5932069420814514, 0.7203791737556458, 0.6714060306549072, 0.7338072657585144, 0.7140600681304932, 0.7140600681304932, 0.7345971465110779, 0.7575039863586426, 0.5308057069778442],68.7 ± 6.0
